1 0.809028 0.590625 0.046296 0.160417
2 0.377894 0.143750 0.038194 0.129167
0 0.038194 0.316667 0.074074 0.129167
0 0.023727 0.206250 0.045139 0.087500
3 0.236111 0.148958 0.043981 0.093750
3 0.196759 0.072917 0.048611 0.112500
0 0.266782 0.070833 0.024306 0.045833
0 0.465856 0.155208 0.040509 0.064583
0 0.538194 0.171875 0.048611 0.068750
0 0.622106 0.250000 0.054398 0.083333
0 0.601273 0.296875 0.068287 0.085417
0 0.631944 0.358333 0.069444 0.100000
0 0.584491 0.382292 0.064815 0.114583
0 0.612847 0.435417 0.103009 0.179167
0 0.670139 0.535417 0.115741 0.162500
0 0.730903 0.483333 0.091435 0.129167
1 0.836806 0.567708 0.037037 0.143750
1 0.918981 0.635417 0.050926 0.150000
1 0.861690 0.541667 0.035880 0.129167
0 0.906250 0.510417 0.122685 0.170833
0 0.427083 0.168750 0.041667 0.066667
0 0.708912 0.330208 0.082176 0.143750
0 0.417245 0.098958 0.031250 0.043750
1 0.897569 0.576042 0.038194 0.131250
0 0.911458 0.834375 0.177083 0.231250
