0 0.185764 0.644792 0.186343 0.197917
1 0.800926 0.578125 0.050926 0.160417
2 0.376736 0.151042 0.042824 0.143750
0 0.120370 0.467708 0.106481 0.177083
0 0.025463 0.305208 0.048611 0.127083
0 0.019097 0.160417 0.035880 0.058333
3 0.233796 0.218750 0.062500 0.116667
3 0.192708 0.098958 0.059028 0.122917
0 0.278935 0.118750 0.041667 0.070833
0 0.436921 0.120833 0.035880 0.062500
0 0.490741 0.126042 0.041667 0.068750
0 0.567130 0.194792 0.048611 0.077083
0 0.555556 0.244792 0.062500 0.081250
0 0.571759 0.293750 0.062500 0.087500
0 0.675347 0.178125 0.049769 0.064583
0 0.581019 0.378125 0.064815 0.114583
0 0.612847 0.435417 0.103009 0.179167
0 0.670139 0.535417 0.115741 0.162500
0 0.698495 0.441667 0.077546 0.125000
1 0.811921 0.508333 0.033565 0.095833
1 0.881944 0.600000 0.050926 0.150000
1 0.811921 0.458333 0.035880 0.075000
0 0.899306 0.516667 0.122685 0.170833
0 0.399306 0.131250 0.032407 0.058333
0 0.650463 0.278125 0.078704 0.135417
