1 0.925926 0.745833 0.053241 0.170833
2 0.377894 0.143750 0.038194 0.129167
0 0.014468 0.133333 0.026620 0.083333
3 0.235532 0.062500 0.035880 0.062500
0 0.539931 0.240625 0.052083 0.081250
0 0.635417 0.263542 0.062500 0.085417
0 0.709491 0.329167 0.071759 0.095833
0 0.662037 0.366667 0.078704 0.108333
0 0.719907 0.447917 0.094907 0.129167
0 0.582755 0.385417 0.054398 0.095833
0 0.612847 0.435417 0.103009 0.179167
0 0.671296 0.536458 0.104167 0.156250
0 0.806713 0.570833 0.108796 0.150000
1 0.982639 0.721875 0.034722 0.152083
0 0.939815 0.562500 0.120370 0.158333
0 0.504051 0.280208 0.059028 0.097917
0 0.803241 0.418750 0.099537 0.166667
0 0.473958 0.162500 0.040509 0.058333
0 0.153935 0.486458 0.115741 0.156250
0 0.456597 0.206250 0.042824 0.062500
0 0.032986 0.565625 0.063657 0.168750
3 0.267940 0.637500 0.190972 0.208333
0 0.415509 0.162500 0.037037 0.062500
0 0.431713 0.119792 0.034722 0.047917
1 0.215856 0.772917 0.059028 0.195833
0 0.398727 0.131250 0.028935 0.050000
1 0.916667 0.659375 0.037037 0.122917
1 0.939236 0.617708 0.033565 0.147917
