0 0.018519 0.455208 0.034722 0.143750
1 0.809028 0.590625 0.046296 0.160417
2 0.377894 0.143750 0.038194 0.129167
0 0.044560 0.337500 0.075231 0.129167
0 0.024306 0.216667 0.046296 0.087500
3 0.236690 0.166667 0.049769 0.100000
3 0.195602 0.077083 0.048611 0.112500
0 0.269676 0.077083 0.032407 0.062500
0 0.460069 0.151042 0.040509 0.064583
0 0.530093 0.165625 0.041667 0.068750
0 0.614005 0.241667 0.054398 0.083333
0 0.592014 0.292708 0.068287 0.085417
0 0.619213 0.352083 0.069444 0.100000
0 0.581019 0.378125 0.064815 0.114583
0 0.612847 0.435417 0.103009 0.179167
0 0.670139 0.535417 0.115741 0.162500
0 0.729745 0.478125 0.089120 0.118750
1 0.835069 0.564583 0.033565 0.137500
1 0.916667 0.633333 0.050926 0.150000
1 0.857060 0.537500 0.035880 0.129167
0 0.900463 0.518750 0.122685 0.170833
0 0.420139 0.162500 0.041667 0.066667
0 0.701968 0.321875 0.082176 0.143750
0 0.412616 0.096875 0.031250 0.043750
1 0.894676 0.572917 0.034722 0.145833
