2 0.377894 0.143750 0.038194 0.129167
3 0.235532 0.045833 0.035880 0.062500
0 0.563657 0.268750 0.060185 0.091667
0 0.655671 0.280208 0.065972 0.089583
0 0.731481 0.347917 0.078704 0.100000
0 0.671875 0.385417 0.086806 0.125000
0 0.755208 0.488542 0.096065 0.147917
0 0.582755 0.385417 0.054398 0.095833
0 0.612847 0.435417 0.103009 0.179167
0 0.686921 0.554167 0.107639 0.154167
0 0.879051 0.642708 0.123843 0.185417
0 0.976273 0.621875 0.047454 0.168750
0 0.524306 0.315625 0.067130 0.114583
0 0.842014 0.447917 0.119213 0.187500
0 0.495949 0.189583 0.045139 0.070833
0 0.114005 0.412500 0.082176 0.116667
0 0.475694 0.232292 0.050926 0.072917
3 0.104745 0.507292 0.126157 0.181250
0 0.448495 0.138542 0.038194 0.052083
1 0.237269 0.544792 0.048611 0.164583
0 0.406829 0.143750 0.040509 0.054167
0 0.427083 0.182292 0.039352 0.064583
1 0.207176 0.843750 0.069444 0.208333
1 0.367477 0.850000 0.061343 0.208333
