0 0.032407 0.491667 0.062500 0.154167
1 0.807870 0.582292 0.046296 0.160417
2 0.377894 0.143750 0.038194 0.129167
0 0.054398 0.363542 0.078704 0.143750
0 0.025463 0.234375 0.048611 0.106250
0 0.011574 0.127083 0.020833 0.066667
3 0.236690 0.179167 0.049769 0.100000
3 0.194444 0.079167 0.048611 0.112500
0 0.268519 0.085417 0.032407 0.062500
0 0.455440 0.144792 0.040509 0.064583
0 0.521991 0.159375 0.041667 0.068750
0 0.604745 0.231250 0.054398 0.083333
0 0.581019 0.281250 0.064815 0.083333
0 0.608796 0.336458 0.069444 0.093750
0 0.581019 0.378125 0.064815 0.114583
0 0.612847 0.435417 0.103009 0.179167
0 0.670139 0.535417 0.115741 0.162500
0 0.727431 0.476042 0.089120 0.118750
1 0.832755 0.555208 0.035880 0.127083
1 0.910880 0.620833 0.050926 0.150000
1 0.848958 0.527083 0.035880 0.129167
0 0.900463 0.518750 0.122685 0.170833
0 0.416667 0.152083 0.041667 0.066667
0 0.690972 0.317708 0.078704 0.135417
0 0.409144 0.094792 0.031250 0.043750
1 0.894676 0.572917 0.034722 0.145833
