1 0.850694 0.644792 0.048611 0.156250
2 0.377894 0.143750 0.038194 0.129167
0 0.016782 0.179167 0.031250 0.083333
0 0.014468 0.116667 0.026620 0.058333
3 0.236690 0.081250 0.035880 0.062500
3 0.201968 0.041667 0.040509 0.079167
0 0.514468 0.215625 0.052083 0.081250
0 0.608218 0.240625 0.056713 0.081250
0 0.685185 0.306250 0.069444 0.087500
0 0.649306 0.352083 0.078704 0.083333
0 0.698495 0.426042 0.082176 0.127083
0 0.583333 0.381250 0.055556 0.104167
0 0.612847 0.435417 0.103009 0.179167
0 0.674190 0.540625 0.109954 0.164583
0 0.773727 0.530208 0.098380 0.139583
1 0.881366 0.616667 0.038194 0.145833
1 0.936921 0.663542 0.047454 0.147917
1 0.905671 0.584375 0.035880 0.135417
0 0.909722 0.510417 0.122685 0.141667
0 0.476852 0.245833 0.053241 0.095833
0 0.776620 0.393750 0.099537 0.166667
0 0.454861 0.142708 0.037037 0.056250
1 0.963542 0.637500 0.040509 0.145833
0 0.259838 0.582292 0.177083 0.185417
0 0.443287 0.183333 0.041667 0.062500
0 0.218750 0.729167 0.206019 0.208333
3 0.600694 0.786458 0.307870 0.252083
0 0.403935 0.144792 0.034722 0.060417
0 0.409722 0.096875 0.032407 0.047917
