2 0.377894 0.143750 0.038194 0.129167
3 0.235532 0.050000 0.035880 0.062500
0 0.550926 0.254167 0.060185 0.091667
0 0.645833 0.276042 0.062500 0.085417
0 0.722222 0.337500 0.074074 0.095833
0 0.667824 0.375000 0.078704 0.108333
0 0.732639 0.462500 0.094907 0.129167
0 0.582755 0.385417 0.054398 0.095833
0 0.612847 0.435417 0.103009 0.179167
0 0.674769 0.538542 0.104167 0.156250
0 0.835069 0.596875 0.114583 0.164583
0 0.953125 0.570833 0.093750 0.150000
0 0.515625 0.296875 0.063657 0.106250
0 0.817708 0.428125 0.107639 0.177083
0 0.483218 0.173958 0.042824 0.068750
0 0.129630 0.446875 0.101852 0.160417
0 0.466435 0.218750 0.046296 0.066667
3 0.170139 0.566667 0.152778 0.170833
0 0.439236 0.128125 0.038194 0.052083
1 0.231481 0.653125 0.043981 0.164583
0 0.400463 0.135417 0.032407 0.050000
1 0.953704 0.726042 0.050926 0.160417
1 0.976852 0.661458 0.046296 0.143750
0 0.420139 0.168750 0.037037 0.062500
