0 0.047454 0.530208 0.092593 0.160417
1 0.802083 0.580208 0.050926 0.160417
2 0.375579 0.151042 0.042824 0.143750
0 0.065972 0.380208 0.087963 0.152083
0 0.026042 0.246875 0.049769 0.106250
0 0.019097 0.138542 0.035880 0.072917
3 0.234375 0.188542 0.056713 0.106250
3 0.192708 0.087500 0.049769 0.116667
0 0.270833 0.093750 0.037037 0.066667
0 0.450810 0.140625 0.040509 0.064583
0 0.513889 0.151042 0.041667 0.068750
0 0.595486 0.225000 0.054398 0.083333
0 0.573495 0.268750 0.072917 0.091667
0 0.598380 0.326042 0.069444 0.093750
0 0.581019 0.378125 0.064815 0.114583
0 0.612847 0.435417 0.103009 0.179167
0 0.670139 0.535417 0.115741 0.162500
0 0.717014 0.467708 0.089120 0.118750
1 0.821181 0.540625 0.035880 0.127083
1 0.895833 0.610417 0.050926 0.150000
1 0.840856 0.516667 0.035880 0.129167
0 0.900463 0.518750 0.122685 0.170833
0 0.412037 0.147917 0.041667 0.066667
0 0.680556 0.313542 0.078704 0.135417
