1 0.814815 0.594792 0.046296 0.160417
2 0.377894 0.143750 0.038194 0.129167
0 0.026620 0.280208 0.050926 0.118750
0 0.020833 0.177083 0.039352 0.079167
3 0.237269 0.133333 0.041667 0.087500
3 0.197338 0.057292 0.047454 0.102083
0 0.266782 0.060417 0.024306 0.045833
0 0.473958 0.163542 0.040509 0.064583
0 0.556713 0.192708 0.050926 0.072917
0 0.637153 0.262500 0.056713 0.083333
0 0.615162 0.305208 0.070602 0.085417
0 0.650463 0.377083 0.071759 0.108333
0 0.584491 0.382292 0.064815 0.114583
0 0.612847 0.435417 0.103009 0.179167
0 0.670139 0.535417 0.115741 0.162500
0 0.741319 0.493750 0.091435 0.125000
1 0.843171 0.572917 0.038194 0.145833
1 0.927083 0.643750 0.050926 0.150000
1 0.875000 0.542708 0.039352 0.131250
0 0.908565 0.518750 0.120370 0.137500
0 0.436921 0.182292 0.042824 0.072917
0 0.726273 0.352083 0.089120 0.141667
0 0.425347 0.108333 0.031250 0.050000
1 0.899884 0.578125 0.038194 0.131250
0 0.749421 0.795833 0.297454 0.250000
