1 0.812500 0.592708 0.046296 0.160417
2 0.377894 0.143750 0.038194 0.129167
0 0.031829 0.305208 0.061343 0.127083
0 0.023148 0.193750 0.043981 0.087500
3 0.236111 0.143750 0.041667 0.087500
3 0.197338 0.067708 0.047454 0.102083
0 0.266782 0.066667 0.024306 0.045833
0 0.468171 0.161458 0.040509 0.064583
0 0.547454 0.180208 0.048611 0.068750
0 0.630208 0.254167 0.054398 0.083333
0 0.607060 0.301042 0.068287 0.085417
0 0.641204 0.368750 0.069444 0.100000
0 0.584491 0.382292 0.064815 0.114583
0 0.612847 0.435417 0.103009 0.179167
0 0.670139 0.535417 0.115741 0.162500
0 0.735532 0.487500 0.091435 0.129167
1 0.840278 0.569792 0.037037 0.143750
1 0.918981 0.635417 0.050926 0.150000
1 0.866898 0.540625 0.039352 0.131250
0 0.908565 0.518750 0.120370 0.137500
0 0.430556 0.175000 0.041667 0.066667
0 0.718750 0.340625 0.085648 0.152083
0 0.420718 0.103125 0.031250 0.043750
1 0.899884 0.578125 0.038194 0.131250
0 0.855324 0.815625 0.289352 0.243750
