2 0.377894 0.143750 0.038194 0.129167
0 0.572338 0.277083 0.061343 0.091667
0 0.660880 0.289583 0.067130 0.091667
0 0.739583 0.354167 0.083333 0.112500
0 0.676505 0.389583 0.086806 0.125000
0 0.766204 0.502083 0.104167 0.145833
0 0.584491 0.384375 0.057870 0.097917
0 0.619792 0.443750 0.103009 0.179167
0 0.696759 0.569792 0.113426 0.164583
0 0.904514 0.673958 0.137731 0.193750
0 0.531250 0.321875 0.067130 0.114583
0 0.858218 0.466667 0.119213 0.187500
0 0.499421 0.193750 0.045139 0.070833
0 0.111690 0.395833 0.082176 0.116667
0 0.479167 0.240625 0.050926 0.072917
3 0.083912 0.475000 0.126157 0.150000
0 0.454282 0.146875 0.038194 0.060417
1 0.241319 0.502083 0.040509 0.145833
0 0.409144 0.147917 0.040509 0.054167
0 0.430556 0.186458 0.041667 0.068750
1 0.210069 0.750000 0.063657 0.187500
1 0.360532 0.760417 0.054398 0.183333
