1 0.894676 0.706250 0.053241 0.170833
2 0.377894 0.143750 0.038194 0.129167
0 0.015046 0.150000 0.027778 0.083333
3 0.236690 0.066667 0.035880 0.062500
3 0.201389 0.034375 0.041667 0.064583
0 0.531829 0.234375 0.052083 0.081250
0 0.628472 0.257292 0.062500 0.085417
0 0.703704 0.322917 0.071759 0.095833
0 0.662616 0.366667 0.077546 0.104167
0 0.712963 0.439583 0.094907 0.129167
0 0.585648 0.384375 0.060185 0.097917
0 0.612847 0.435417 0.103009 0.179167
0 0.671296 0.536458 0.104167 0.156250
0 0.796296 0.558333 0.106481 0.145833
1 0.972222 0.700000 0.043981 0.150000
1 0.926505 0.611458 0.033565 0.143750
0 0.928241 0.545833 0.122685 0.141667
0 0.499421 0.271875 0.059028 0.097917
0 0.796296 0.410417 0.099537 0.166667
0 0.469329 0.158333 0.040509 0.058333
0 0.167824 0.517708 0.125000 0.168750
0 0.454282 0.202083 0.042824 0.062500
0 0.056134 0.606250 0.109954 0.187500
3 0.328704 0.666667 0.224537 0.225000
0 0.414352 0.158333 0.037037 0.062500
0 0.424769 0.113542 0.034722 0.047917
1 0.217014 0.828125 0.070602 0.214583
1 0.907986 0.623958 0.035880 0.089583
