1 0.861111 0.655208 0.048611 0.156250
2 0.377894 0.143750 0.038194 0.129167
0 0.016204 0.170833 0.030093 0.083333
3 0.236690 0.077083 0.035880 0.062500
3 0.201968 0.040625 0.040509 0.077083
0 0.519097 0.221875 0.052083 0.081250
0 0.617477 0.246875 0.056713 0.081250
0 0.692130 0.310417 0.069444 0.087500
0 0.655671 0.355208 0.075231 0.089583
0 0.700231 0.427083 0.094907 0.129167
0 0.584491 0.383333 0.057870 0.100000
0 0.612847 0.435417 0.103009 0.179167
0 0.671296 0.536458 0.104167 0.156250
0 0.780093 0.537500 0.099537 0.137500
1 0.888310 0.625000 0.038194 0.141667
1 0.946759 0.671875 0.039352 0.152083
1 0.913773 0.586458 0.035880 0.135417
0 0.909722 0.510417 0.122685 0.141667
0 0.484954 0.254167 0.053241 0.095833
0 0.784722 0.400000 0.099537 0.166667
0 0.460648 0.146875 0.037037 0.056250
1 0.971065 0.644792 0.034722 0.143750
0 0.222222 0.563542 0.159722 0.172917
0 0.447917 0.189583 0.041667 0.062500
0 0.146991 0.679167 0.187500 0.204167
3 0.498264 0.755208 0.285880 0.252083
0 0.409722 0.153125 0.034722 0.060417
0 0.415509 0.101042 0.032407 0.047917
1 0.218750 0.920833 0.074074 0.158333
