0 0.074074 0.564583 0.131944 0.166667
1 0.802083 0.580208 0.050926 0.160417
2 0.375579 0.151042 0.042824 0.143750
0 0.081019 0.405208 0.094907 0.168750
0 0.026620 0.269792 0.050926 0.106250
0 0.019676 0.144792 0.037037 0.072917
3 0.232060 0.196875 0.056713 0.106250
3 0.193287 0.090625 0.055556 0.114583
0 0.271991 0.102083 0.037037 0.066667
0 0.445023 0.133333 0.035880 0.062500
0 0.506944 0.142708 0.041667 0.068750
0 0.585648 0.215625 0.048611 0.077083
0 0.565394 0.263542 0.065972 0.081250
0 0.589699 0.317708 0.063657 0.097917
0 0.581019 0.378125 0.064815 0.114583
0 0.612847 0.435417 0.103009 0.179167
0 0.670139 0.535417 0.115741 0.162500
0 0.712384 0.461458 0.082176 0.122917
1 0.821181 0.540625 0.035880 0.127083
1 0.895833 0.610417 0.050926 0.150000
1 0.831597 0.487500 0.038194 0.087500
0 0.903935 0.516667 0.122685 0.170833
0 0.405671 0.138542 0.038194 0.064583
0 0.672454 0.296875 0.078704 0.135417
