1 0.966435 0.792708 0.057870 0.197917
2 0.377894 0.143750 0.038194 0.129167
3 0.236690 0.054167 0.035880 0.062500
0 0.546875 0.248958 0.052083 0.081250
0 0.638889 0.269792 0.062500 0.085417
0 0.714120 0.333333 0.074074 0.095833
0 0.665509 0.368750 0.078704 0.108333
0 0.725694 0.454167 0.094907 0.129167
0 0.582755 0.385417 0.054398 0.095833
0 0.612847 0.435417 0.103009 0.179167
0 0.674769 0.538542 0.104167 0.156250
0 0.818866 0.586458 0.114583 0.164583
0 0.944444 0.567708 0.111111 0.156250
0 0.512153 0.288542 0.059028 0.097917
0 0.808449 0.419792 0.107639 0.177083
0 0.478588 0.166667 0.040509 0.058333
0 0.135417 0.476042 0.101852 0.160417
0 0.460648 0.213542 0.043981 0.064583
0 0.017361 0.534375 0.032407 0.152083
3 0.212963 0.594792 0.166667 0.181250
0 0.436343 0.123958 0.037037 0.052083
1 0.223958 0.713542 0.047454 0.172917
0 0.399306 0.133333 0.030093 0.054167
1 0.935185 0.696875 0.048611 0.156250
1 0.960648 0.632292 0.046296 0.143750
0 0.420139 0.165625 0.037037 0.056250
