0 0.124421 0.598958 0.158565 0.185417
1 0.802083 0.580208 0.050926 0.160417
2 0.375579 0.151042 0.042824 0.143750
0 0.099537 0.428125 0.094907 0.168750
0 0.027199 0.288542 0.052083 0.106250
0 0.020255 0.151042 0.038194 0.072917
3 0.236111 0.208333 0.062500 0.116667
3 0.191551 0.098958 0.059028 0.122917
0 0.275463 0.110417 0.037037 0.066667
0 0.441551 0.127083 0.035880 0.062500
0 0.498843 0.134375 0.041667 0.068750
0 0.578704 0.198958 0.048611 0.077083
0 0.561343 0.253125 0.062500 0.081250
0 0.582176 0.306250 0.062500 0.087500
0 0.581019 0.378125 0.064815 0.114583
0 0.612847 0.435417 0.103009 0.179167
0 0.670139 0.535417 0.115741 0.162500
0 0.707755 0.451042 0.082176 0.122917
1 0.817708 0.521875 0.038194 0.106250
1 0.887731 0.608333 0.050926 0.150000
1 0.824653 0.472917 0.035880 0.075000
0 0.899306 0.516667 0.122685 0.170833
0 0.402199 0.134375 0.035880 0.064583
0 0.663194 0.284375 0.078704 0.135417
