2 0.377894 0.143750 0.038194 0.129167
3 0.235532 0.050000 0.035880 0.062500
0 0.557870 0.260417 0.060185 0.091667
0 0.648727 0.278125 0.065972 0.089583
0 0.728009 0.339583 0.078704 0.100000
0 0.668403 0.379167 0.086806 0.125000
0 0.742477 0.471875 0.096065 0.147917
0 0.582755 0.385417 0.054398 0.095833
0 0.612847 0.435417 0.103009 0.179167
0 0.677662 0.545833 0.107639 0.154167
0 0.855324 0.630208 0.122685 0.181250
0 0.965278 0.609375 0.069444 0.185417
0 0.521991 0.305208 0.067130 0.114583
0 0.828125 0.439583 0.119213 0.187500
0 0.489005 0.181250 0.045139 0.070833
0 0.120949 0.423958 0.093750 0.114583
0 0.472222 0.226042 0.048611 0.068750
3 0.138310 0.533333 0.140046 0.170833
0 0.442708 0.132292 0.038194 0.052083
1 0.236111 0.596875 0.048611 0.164583
0 0.405093 0.139583 0.032407 0.050000
1 0.976273 0.768750 0.047454 0.183333
0 0.426505 0.178125 0.040509 0.064583
1 0.203704 0.921875 0.067130 0.156250
1 0.377315 0.920833 0.064815 0.158333
