1 0.834491 0.619792 0.048611 0.156250
2 0.377894 0.143750 0.038194 0.129167
0 0.017940 0.202083 0.033565 0.087500
0 0.019097 0.130208 0.035880 0.060417
3 0.234375 0.095833 0.035880 0.070833
3 0.201968 0.042708 0.040509 0.081250
0 0.502894 0.198958 0.047454 0.072917
0 0.598380 0.231250 0.055556 0.075000
0 0.670718 0.294792 0.068287 0.085417
0 0.644097 0.338542 0.077546 0.093750
0 0.685764 0.405208 0.082176 0.127083
0 0.583333 0.381250 0.055556 0.104167
0 0.612847 0.435417 0.103009 0.179167
0 0.674190 0.540625 0.109954 0.164583
0 0.763310 0.519792 0.098380 0.139583
1 0.866319 0.595833 0.038194 0.145833
1 0.934606 0.655208 0.047454 0.147917
1 0.896991 0.571875 0.041667 0.135417
0 0.909722 0.520833 0.122685 0.141667
0 0.465856 0.229167 0.047454 0.083333
0 0.765625 0.380208 0.093750 0.156250
0 0.445602 0.130208 0.037037 0.047917
1 0.937500 0.585417 0.046296 0.091667
0 0.350116 0.633333 0.204861 0.187500
0 0.438079 0.169792 0.040509 0.060417
0 0.399306 0.794792 0.261574 0.218750
3 0.835069 0.846875 0.329861 0.289583
0 0.399884 0.137500 0.033565 0.054167
0 0.402778 0.088542 0.030093 0.043750
