0 0.270255 0.682292 0.209491 0.227083
1 0.800926 0.567708 0.050926 0.160417
2 0.376736 0.151042 0.042824 0.143750
0 0.140625 0.492708 0.128472 0.197917
0 0.027778 0.331250 0.053241 0.145833
0 0.022569 0.170833 0.042824 0.066667
3 0.235532 0.236458 0.072917 0.135417
3 0.187500 0.101042 0.060185 0.139583
0 0.278935 0.127083 0.041667 0.070833
0 0.432292 0.118750 0.035880 0.062500
0 0.484954 0.126042 0.041667 0.068750
0 0.554977 0.184375 0.049769 0.081250
0 0.545139 0.236458 0.062500 0.081250
0 0.562500 0.285417 0.062500 0.087500
0 0.645255 0.167708 0.056713 0.068750
0 0.578704 0.373958 0.064815 0.114583
0 0.612847 0.435417 0.103009 0.179167
0 0.670139 0.535417 0.115741 0.162500
0 0.690394 0.427083 0.077546 0.125000
1 0.803819 0.495833 0.033565 0.095833
1 0.876157 0.587500 0.050926 0.150000
1 0.801505 0.452083 0.035880 0.075000
0 0.899306 0.516667 0.122685 0.170833
0 0.641204 0.271875 0.076389 0.127083
