1 0.817130 0.596875 0.046296 0.160417
2 0.377894 0.143750 0.038194 0.129167
0 0.022569 0.259375 0.042824 0.106250
0 0.021991 0.166667 0.039352 0.079167
3 0.235532 0.125000 0.040509 0.079167
3 0.199653 0.054167 0.042824 0.095833
0 0.265625 0.052083 0.026620 0.041667
0 0.482060 0.173958 0.040509 0.064583
0 0.567130 0.198958 0.050926 0.068750
0 0.644097 0.267708 0.059028 0.085417
0 0.624421 0.317708 0.070602 0.085417
0 0.660301 0.390625 0.075231 0.110417
0 0.584491 0.382292 0.064815 0.114583
0 0.612847 0.435417 0.103009 0.179167
0 0.670139 0.535417 0.115741 0.162500
0 0.747685 0.497917 0.097222 0.129167
1 0.848380 0.576042 0.041667 0.143750
1 0.928241 0.645833 0.050926 0.150000
1 0.879630 0.546875 0.039352 0.131250
0 0.908565 0.518750 0.120370 0.137500
0 0.443866 0.196875 0.042824 0.072917
0 0.734375 0.353125 0.089120 0.152083
0 0.431134 0.114583 0.031250 0.050000
1 0.906829 0.586458 0.038194 0.131250
0 0.650463 0.754167 0.287037 0.229167
0 0.429398 0.148958 0.034722 0.047917
0 0.894097 0.902083 0.211806 0.195833
