2 0.377894 0.143750 0.038194 0.129167
0 0.585069 0.289583 0.061343 0.091667
0 0.670139 0.297917 0.067130 0.091667
0 0.754630 0.366667 0.083333 0.112500
0 0.679398 0.394792 0.090278 0.127083
0 0.802083 0.539583 0.111111 0.154167
0 0.586806 0.393750 0.062500 0.108333
0 0.626736 0.454167 0.103009 0.179167
0 0.722222 0.610417 0.120370 0.175000
0 0.949074 0.762500 0.101852 0.220833
0 0.537037 0.330208 0.067130 0.114583
0 0.900463 0.501042 0.134259 0.227083
0 0.510417 0.204167 0.046296 0.070833
0 0.106481 0.376042 0.076389 0.122917
0 0.489005 0.252083 0.054398 0.075000
3 0.043981 0.418750 0.085648 0.145833
0 0.464699 0.155208 0.040509 0.060417
1 0.232639 0.416667 0.039352 0.116667
0 0.415509 0.153125 0.037037 0.052083
0 0.437500 0.196875 0.043981 0.064583
1 0.211227 0.590625 0.052083 0.152083
1 0.331597 0.609375 0.047454 0.168750
