2 0.377894 0.143750 0.038194 0.129167
0 0.588542 0.295833 0.061343 0.091667
0 0.675926 0.302083 0.067130 0.091667
0 0.761574 0.370833 0.083333 0.112500
0 0.685185 0.396875 0.090278 0.127083
0 0.824653 0.564583 0.116898 0.162500
0 0.589120 0.393750 0.062500 0.108333
0 0.626736 0.454167 0.103009 0.179167
0 0.741319 0.634375 0.126157 0.185417
0 0.967014 0.794792 0.065972 0.231250
0 0.541667 0.336458 0.067130 0.114583
0 0.922454 0.515625 0.134259 0.227083
0 0.517361 0.212500 0.046296 0.070833
0 0.105324 0.357292 0.076389 0.122917
0 0.493634 0.258333 0.054398 0.075000
3 0.035301 0.394792 0.068287 0.147917
0 0.469329 0.161458 0.040509 0.060417
1 0.225694 0.381250 0.039352 0.116667
0 0.418981 0.155208 0.037037 0.052083
0 0.439815 0.201042 0.043981 0.064583
1 0.209491 0.522917 0.048611 0.141667
1 0.326389 0.554167 0.046296 0.150000
1 0.172454 0.947917 0.081019 0.104167
0 0.045718 0.928125 0.089120 0.143750
